clear all
close all
clc
y = 2*3 ^ 2*exp(2)

y =

  133.0030

task1
task1
task1

y =

  133.0030

clear all
close all
clc
task1

y =

  133.0030

task1
task1
clc
task1

y =

  133.0030

task1

v1 =

     1     2     3     4

task1

v1 =

     1
     2
     3
     4

task1

ans =

     1     2     3     4
     2     4     6     8
     3     6     9    12
     4     8    12    16


ans =

    30

task1

v1 =

     1     2     3     4

task1

v1 =

     1     2     3     4

task1

v1 =

    1.0000    1.7500    2.5000    3.2500    4.0000

task1

v1 =

     1     3     5

task1

v1 =

    1.0000    1.2500    1.5000    1.7500    2.0000

task1

v1 =

  Columns 1 through 15

         0    0.1000    0.2000    0.3000    0.4000    0.5000    0.6000    0.7000    0.8000    0.9000    1.0000    1.1000    1.2000    1.3000    1.4000

  Columns 16 through 30

    1.5000    1.6000    1.7000    1.8000    1.9000    2.0000    2.1000    2.2000    2.3000    2.4000    2.5000    2.6000    2.7000    2.8000    2.9000

  Columns 31 through 45

    3.0000    3.1000    3.2000    3.3000    3.4000    3.5000    3.6000    3.7000    3.8000    3.9000    4.0000    4.1000    4.2000    4.3000    4.4000

  Columns 46 through 60

    4.5000    4.6000    4.7000    4.8000    4.9000    5.0000    5.1000    5.2000    5.3000    5.4000    5.5000    5.6000    5.7000    5.8000    5.9000

  Columns 61 through 75

    6.0000    6.1000    6.2000    6.3000    6.4000    6.5000    6.6000    6.7000    6.8000    6.9000    7.0000    7.1000    7.2000    7.3000    7.4000

  Columns 76 through 90

    7.5000    7.6000    7.7000    7.8000    7.9000    8.0000    8.1000    8.2000    8.3000    8.4000    8.5000    8.6000    8.7000    8.8000    8.9000

  Columns 91 through 105

    9.0000    9.1000    9.2000    9.3000    9.4000    9.5000    9.6000    9.7000    9.8000    9.9000   10.0000   10.1000   10.2000   10.3000   10.4000

  Columns 106 through 120

   10.5000   10.6000   10.7000   10.8000   10.9000   11.0000   11.1000   11.2000   11.3000   11.4000   11.5000   11.6000   11.7000   11.8000   11.9000

  Column 121

   12.0000

task1

R =

        4700

{Undefined function or variable 'v'.

Error in <a href="matlab:matlab.internal.language.introspective.errorDocCallback('task1', 'C:\Users\Will\Documents\MATLAB\task1.m', 14)" style="font-weight:bold">task1</a> (<a href="matlab: opentoline('C:\Users\Will\Documents\MATLAB\task1.m',14,0)">line 14</a>)
i = v/R
} 
task1

R =

        4700


i =

  Columns 1 through 15

         0    0.0000    0.0000    0.0001    0.0001    0.0001    0.0001    0.0001    0.0002    0.0002    0.0002    0.0002    0.0003    0.0003    0.0003

  Columns 16 through 30

    0.0003    0.0003    0.0004    0.0004    0.0004    0.0004    0.0004    0.0005    0.0005    0.0005    0.0005    0.0006    0.0006    0.0006    0.0006

  Columns 31 through 45

    0.0006    0.0007    0.0007    0.0007    0.0007    0.0007    0.0008    0.0008    0.0008    0.0008    0.0009    0.0009    0.0009    0.0009    0.0009

  Columns 46 through 60

    0.0010    0.0010    0.0010    0.0010    0.0010    0.0011    0.0011    0.0011    0.0011    0.0011    0.0012    0.0012    0.0012    0.0012    0.0013

  Columns 61 through 75

    0.0013    0.0013    0.0013    0.0013    0.0014    0.0014    0.0014    0.0014    0.0014    0.0015    0.0015    0.0015    0.0015    0.0016    0.0016

  Columns 76 through 90

    0.0016    0.0016    0.0016    0.0017    0.0017    0.0017    0.0017    0.0017    0.0018    0.0018    0.0018    0.0018    0.0019    0.0019    0.0019

  Columns 91 through 105

    0.0019    0.0019    0.0020    0.0020    0.0020    0.0020    0.0020    0.0021    0.0021    0.0021    0.0021    0.0021    0.0022    0.0022    0.0022

  Columns 106 through 120

    0.0022    0.0023    0.0023    0.0023    0.0023    0.0023    0.0024    0.0024    0.0024    0.0024    0.0024    0.0025    0.0025    0.0025    0.0025

  Column 121

    0.0026

task1

i =

  Columns 1 through 15

         0    0.0000    0.0000    0.0001    0.0001    0.0001    0.0001    0.0001    0.0002    0.0002    0.0002    0.0002    0.0003    0.0003    0.0003

  Columns 16 through 30

    0.0003    0.0003    0.0004    0.0004    0.0004    0.0004    0.0004    0.0005    0.0005    0.0005    0.0005    0.0006    0.0006    0.0006    0.0006

  Columns 31 through 45

    0.0006    0.0007    0.0007    0.0007    0.0007    0.0007    0.0008    0.0008    0.0008    0.0008    0.0009    0.0009    0.0009    0.0009    0.0009

  Columns 46 through 60

    0.0010    0.0010    0.0010    0.0010    0.0010    0.0011    0.0011    0.0011    0.0011    0.0011    0.0012    0.0012    0.0012    0.0012    0.0013

  Columns 61 through 75

    0.0013    0.0013    0.0013    0.0013    0.0014    0.0014    0.0014    0.0014    0.0014    0.0015    0.0015    0.0015    0.0015    0.0016    0.0016

  Columns 76 through 90

    0.0016    0.0016    0.0016    0.0017    0.0017    0.0017    0.0017    0.0017    0.0018    0.0018    0.0018    0.0018    0.0019    0.0019    0.0019

  Columns 91 through 105

    0.0019    0.0019    0.0020    0.0020    0.0020    0.0020    0.0020    0.0021    0.0021    0.0021    0.0021    0.0021    0.0022    0.0022    0.0022

  Columns 106 through 120

    0.0022    0.0023    0.0023    0.0023    0.0023    0.0023    0.0024    0.0024    0.0024    0.0024    0.0024    0.0025    0.0025    0.0025    0.0025

  Column 121

    0.0026

clc
task1

i =

  Columns 1 through 16

         0    0.0000    0.0000    0.0001    0.0001    0.0001    0.0001    0.0001    0.0002    0.0002    0.0002    0.0002    0.0003    0.0003    0.0003    0.0003

  Columns 17 through 32

    0.0003    0.0004    0.0004    0.0004    0.0004    0.0004    0.0005    0.0005    0.0005    0.0005    0.0006    0.0006    0.0006    0.0006    0.0006    0.0007

  Columns 33 through 48

    0.0007    0.0007    0.0007    0.0007    0.0008    0.0008    0.0008    0.0008    0.0009    0.0009    0.0009    0.0009    0.0009    0.0010    0.0010    0.0010

  Columns 49 through 64

    0.0010    0.0010    0.0011    0.0011    0.0011    0.0011    0.0011    0.0012    0.0012    0.0012    0.0012    0.0013    0.0013    0.0013    0.0013    0.0013

  Columns 65 through 80

    0.0014    0.0014    0.0014    0.0014    0.0014    0.0015    0.0015    0.0015    0.0015    0.0016    0.0016    0.0016    0.0016    0.0016    0.0017    0.0017

  Columns 81 through 96

    0.0017    0.0017    0.0017    0.0018    0.0018    0.0018    0.0018    0.0019    0.0019    0.0019    0.0019    0.0019    0.0020    0.0020    0.0020    0.0020

  Columns 97 through 112

    0.0020    0.0021    0.0021    0.0021    0.0021    0.0021    0.0022    0.0022    0.0022    0.0022    0.0023    0.0023    0.0023    0.0023    0.0023    0.0024

  Columns 113 through 121

    0.0024    0.0024    0.0024    0.0024    0.0025    0.0025    0.0025    0.0025    0.0026

task1

ans =

    0.0019

task1

ans =

    8.8000


ans =

    0.0019

clc
task1

ans =

    8.8000


